1.691515151199410316e-01 4.808662197249463643e-01
1.348097002255629340e-01 4.587631156630989082e-02
3.326296955959901630e-02 1.145253373926670773e-02
1.115699959563134502e-01 1.044258511945536788e-01
9.627111063350134168e-02 2.871421916625327420e-01
8.583669921384647072e-02 1.220076692412354058e-01
2.360557743927217678e-01 2.026017721983483788e-01
1.100736514901889673e-01 4.323002187677430497e-01
2.377820139277489753e-01 2.344027949922962706e-01
2.127681936740927204e-01 2.586917331615720128e-01
1.174965606093188730e-01 3.931785001378790834e-01
4.313016412183813542e-02 4.049745989609486174e-01
2.196242513270841301e-01 2.151720873288587021e-01
1.951870870422559856e-01 3.265986995523117442e-01
8.417439732664760976e-02 2.157103547381060415e-02
2.407913484882743815e-01 1.866410269323403801e-02
2.243409287400239260e-01 9.312714948671130255e-02
1.665155307875631485e-01 3.856690264745981089e-01
2.314523818936357336e-01 4.235836448665509235e-01
3.345446388633396828e-02 2.716133863992578612e-01
1.201216442564802117e-01 1.650842312937540191e-01
1.754214217958205424e-01 2.827203601731072546e-01
7.619513775197980787e-02 2.981271473423730556e-01
5.431557542667055788e-02 1.098376650546191019e-01
8.120369160227355887e-02 1.589373338076036368e-01
6.021579510921293288e-02 7.293744218108103028e-02
2.037758858956047470e-01 3.008163625104467442e-01
7.860466461257543946e-02 2.753388895619600096e-01
5.125566361513227143e-02 3.635679124223618053e-01
1.838882441533811751e-01 4.297014554535145692e-01
1.384721882277447635e-01 3.366724045893808581e-01
6.917649735375153153e-02 3.347697239920899293e-01
1.245186897143066712e-01 2.120640235136414531e-01
4.996265176256371732e-02 7.505670118923934986e-02
1.450129276066811357e-01 3.969771982301734115e-01
2.466679126309103409e-01 2.655495528588347476e-02
3.733201812098378702e-02 1.311174173359920536e-01
2.185768954547816917e-02 4.690535227469584401e-01
1.306781650597960975e-01 3.725812712168973806e-01
7.497680063182025900e-02 3.202087949485440399e-01
2.293035014847462361e-01 2.378359451147834813e-01
1.304808247519569087e-02 4.612375994876365404e-01
9.050527771323160775e-02 1.865042711175617096e-01
2.341754023794655193e-01 1.755742025459235411e-01
4.723259467735625716e-02 4.900719919430501226e-01
1.425479134981681162e-01 8.060989721533315389e-02
6.630083539538172976e-02 1.601542481230438242e-01
1.995771314033032706e-01 2.057117549007409507e-01
1.040067781466218894e-01 5.834114049512511418e-02
1.532055796533579040e-01 4.709990777462392808e-01
2.770446604623372396e-03 1.289929111356742930e-01
1.282532482957264575e-01 2.421788262473167086e-01
1.088431569131200968e-02 3.060924637857150854e-01
9.399945806238481361e-02 2.498392195469527066e-01
2.085660424516246614e-01 3.822605999476036409e-01
1.263403260438195064e-01 4.377018332900045050e-01
2.958558377829696717e-02 3.167518630736707586e-01
1.001079275802692070e-01 4.106588031064174471e-01
1.716385508556638739e-01 5.438862840498143170e-02
1.553767919771959286e-02 1.189011225080352369e-01
2.057098059469202322e-01 3.461360231435752777e-01
2.829260357527130232e-02 6.413767815778968762e-02
1.215231982812092215e-01 2.617607041933684986e-01
2.368144720131384190e-02 4.194961359864559647e-01
1.888912946185311859e-01 3.557476173330619273e-01
1.846425230236777709e-02 1.910251060146178625e-01
7.208634593642794519e-02 4.769462257477112832e-01
1.366399325122035491e-01 1.530555823978133612e-01
1.011109028053876618e-01 1.499503525642072177e-01
2.430857581411790813e-01 1.849026314557324635e-01
1.636093470407170569e-01 1.749453987433166047e-01
7.631602417176289524e-03 1.398835414893652984e-01
2.104238159278577769e-01 3.520679429515494868e-02
6.557037725336788136e-02 3.798534965004054520e-01
1.575457265255131023e-01 3.130194437568331045e-01
3.994580886853631163e-02 3.664096708948378356e-01
2.213414679571854005e-01 1.139116572121450788e-01
5.689241533665090333e-02 4.981969522949638018e-01
1.752655224329369155e-01 4.585737613203398899e-01
9.243205086237563095e-02 3.400406624996806793e-01
3.952894089971356086e-03 8.743290636254312520e-02
1.603705681982214859e-01 4.892254543845783177e-01
1.528014003078958793e-01 2.532206306945877783e-01
2.176074225635615533e-01 7.439482284720784142e-03
1.805619190601112367e-01 3.526945525760801226e-01
1.589416947617740550e-01 2.926911639162718681e-01
4.500584437024975071e-02 1.952076619180242723e-01
2.483771249122757596e-01 2.226567284561964954e-01
6.145044430432768795e-02 3.150850787036203748e-02
1.061229676100056973e-01 4.506316513365886678e-01
2.261620985210946733e-01 6.844934937303372158e-02
1.474321972697327232e-01 2.264446405754844127e-01
1.919721678695165690e-01 2.658784777645327169e-01
1.962286366502568880e-01 4.462570168598615772e-01
1.152929353519280553e-01 1.413167135441733280e-01
1.864449372353486900e-01 4.402917915995190057e-02
1.789888958325189239e-01 4.402085194601540463e-01
1.495392372823629579e-01 1.241566906288113503e-03
2.015443526837006338e-01 4.074999235486949090e-01
1.725760008865272546e-02 9.972708377571633254e-02
